8.208320896332342187e+00
8.220868918976623974e+00
8.215849709918909838e+00
8.208320896332342187e+00
8.210830500861195702e+00
8.200792082745774536e+00
8.200792082745774536e+00
8.213340105390056323e+00
8.223378523505477489e+00
8.210830500861195702e+00
8.198282478216921021e+00
8.205811291803488672e+00
8.198282478216921021e+00
8.198282478216921021e+00
8.208320896332342187e+00
8.213340105390056323e+00
8.205811291803488672e+00
8.188244060101492749e+00
8.185734455572639234e+00
8.208320896332342187e+00
8.200792082745774536e+00
8.198282478216921021e+00
8.198282478216921021e+00
8.193263269159206885e+00
8.183224851043785719e+00
8.193263269159206885e+00
8.200792082745774536e+00
8.193263269159206885e+00
8.178205641986071583e+00
8.188244060101492749e+00
8.190753664630353370e+00
8.180715246514925099e+00
8.183224851043785719e+00
8.198282478216921021e+00
8.188244060101492749e+00
8.175696037457218068e+00
8.173186432928357448e+00
8.185734455572639234e+00
8.180715246514925099e+00
8.180715246514925099e+00
8.188244060101492749e+00
8.185734455572639234e+00
8.168167223870650417e+00
8.163148014812936282e+00
8.185734455572639234e+00
8.183224851043785719e+00
8.173186432928357448e+00
8.170676828399503933e+00
8.175696037457218068e+00
8.170676828399503933e+00
8.160638410284082767e+00
8.173186432928357448e+00
8.180715246514925099e+00
8.173186432928357448e+00
8.168167223870650417e+00
8.158128805755229251e+00
8.170676828399503933e+00
8.170676828399503933e+00
8.160638410284082767e+00
8.165657619341789797e+00
8.173186432928357448e+00
8.155619201226368631e+00
8.158128805755229251e+00
8.168167223870650417e+00
8.175696037457218068e+00
8.155619201226368631e+00
8.153109596697515116e+00
8.160638410284082767e+00
8.158128805755229251e+00
8.153109596697515116e+00
8.158128805755229251e+00
8.160638410284082767e+00
8.160638410284082767e+00
8.138051969524379814e+00
8.140561574053233329e+00
8.163148014812936282e+00
8.155619201226368631e+00
8.153109596697515116e+00
8.150599992168661601e+00
8.148090387639800980e+00
8.140561574053233329e+00
8.138051969524379814e+00
8.158128805755229251e+00
8.155619201226368631e+00
8.140561574053233329e+00
8.130523155937812163e+00
8.145580783110947465e+00
8.148090387639800980e+00
8.138051969524379814e+00
8.138051969524379814e+00
8.145580783110947465e+00
8.130523155937812163e+00
8.135542364995526299e+00
8.140561574053233329e+00
8.135542364995526299e+00
8.145580783110947465e+00
8.130523155937812163e+00
8.130523155937812163e+00
8.125503946880098027e+00
8.133032760466665678e+00
8.128013551408958648e+00
8.135542364995526299e+00
8.125503946880098027e+00
8.133032760466665678e+00
8.120484737822390997e+00
8.120484737822390997e+00
8.120484737822390997e+00
8.135542364995526299e+00
8.128013551408958648e+00
8.120484737822390997e+00
8.120484737822390997e+00
8.120484737822390997e+00
8.120484737822390997e+00
8.120484737822390997e+00
8.125503946880098027e+00
8.122994342351244512e+00
8.117975133293530376e+00
8.107936715178109210e+00
8.112955924235823346e+00
8.110446319706962726e+00
8.125503946880098027e+00
8.115465528764676861e+00
8.110446319706962726e+00
8.100407901591541560e+00
8.110446319706962726e+00
8.115465528764676861e+00
8.117975133293530376e+00
8.105427110649255695e+00
8.100407901591541560e+00
8.100407901591541560e+00
8.110446319706962726e+00
8.110446319706962726e+00
8.102917506120395075e+00
8.092879088004973909e+00
8.105427110649255695e+00
8.097898297062688044e+00
8.097898297062688044e+00
8.090369483476120394e+00
8.097898297062688044e+00
8.105427110649255695e+00
8.105427110649255695e+00
8.090369483476120394e+00
8.085350274418406258e+00
8.092879088004973909e+00
8.100407901591541560e+00
8.105427110649255695e+00
8.090369483476120394e+00
8.082840669889552743e+00
8.080331065360699228e+00
8.090369483476120394e+00
8.082840669889552743e+00
8.090369483476120394e+00
8.085350274418406258e+00
8.082840669889552743e+00
8.077821460831838607e+00
8.085350274418406258e+00
8.085350274418406258e+00
8.082840669889552743e+00
8.080331065360699228e+00
8.075311856302985092e+00
8.077821460831838607e+00
8.082840669889552743e+00
8.070292647245270956e+00
8.090369483476120394e+00
8.080331065360699228e+00
8.072802251774131577e+00
8.077821460831838607e+00
8.062763833658703305e+00
8.077821460831838607e+00
8.085350274418406258e+00
8.070292647245270956e+00
8.077821460831838607e+00
8.060254229129849790e+00
8.065273438187563926e+00
8.072802251774131577e+00
8.072802251774131577e+00
8.072802251774131577e+00
8.070292647245270956e+00
8.062763833658703305e+00
8.057744624600996275e+00
8.060254229129849790e+00
8.067783042716417441e+00
8.075311856302985092e+00
8.060254229129849790e+00
8.057744624600996275e+00
8.050215811014428624e+00
8.065273438187563926e+00
8.057744624600996275e+00
8.060254229129849790e+00
8.050215811014428624e+00
8.057744624600996275e+00
8.050215811014428624e+00
8.055235020072135654e+00
8.047706206485568003e+00
8.057744624600996275e+00
8.055235020072135654e+00
8.055235020072135654e+00
8.047706206485568003e+00
8.045196601956714488e+00
8.047706206485568003e+00
8.055235020072135654e+00
8.057744624600996275e+00
8.040177392899000353e+00
8.040177392899000353e+00
8.035158183841293322e+00
8.045196601956714488e+00
8.035158183841293322e+00
8.050215811014428624e+00
8.042686997427860973e+00
8.040177392899000353e+00
8.032648579312432702e+00
8.037667788370146837e+00
8.040177392899000353e+00
8.042686997427860973e+00
8.030138974783579187e+00
8.037667788370146837e+00
8.025119765725872156e+00
8.032648579312432702e+00
8.032648579312432702e+00
8.042686997427860973e+00
8.035158183841293322e+00
8.030138974783579187e+00
8.022610161197011536e+00
8.022610161197011536e+00
8.027629370254725671e+00
8.030138974783579187e+00
8.035158183841293322e+00
8.025119765725872156e+00
8.017590952139304505e+00
8.012571743081590370e+00
8.025119765725872156e+00
8.025119765725872156e+00
8.027629370254725671e+00
8.017590952139304505e+00
8.022610161197011536e+00
8.007552534023876234e+00
8.020100556668158021e+00
8.015081347610443885e+00
8.027629370254725671e+00
8.015081347610443885e+00
8.015081347610443885e+00
8.010062138552736855e+00
8.017590952139304505e+00
8.012571743081590370e+00
8.015081347610443885e+00
8.012571743081590370e+00
8.007552534023876234e+00
8.002533324966169204e+00
8.000023720437308583e+00
8.010062138552736855e+00
8.010062138552736855e+00
8.012571743081590370e+00
8.005042929495022719e+00
8.000023720437308583e+00
7.995004511379601553e+00
8.005042929495022719e+00
8.005042929495022719e+00
8.010062138552736855e+00
7.997514115908455068e+00
7.995004511379601553e+00
7.995004511379601553e+00
7.992494906850740932e+00
8.007552534023876234e+00
8.000023720437308583e+00
7.995004511379601553e+00
7.989985302321887417e+00
7.989985302321887417e+00
7.989985302321887417e+00
7.992494906850740932e+00
7.995004511379601553e+00
7.992494906850740932e+00
7.989985302321887417e+00
7.984966093264173281e+00
7.989985302321887417e+00
7.989985302321887417e+00
7.992494906850740932e+00
7.984966093264173281e+00
7.984966093264173281e+00
7.979946884206466251e+00
7.977437279677605630e+00
7.977437279677605630e+00
7.989985302321887417e+00
7.982456488735319766e+00
7.979946884206466251e+00
7.969908466091037980e+00
7.977437279677605630e+00
7.972418070619898600e+00
7.987475697793033902e+00
7.979946884206466251e+00
7.974927675148752115e+00
7.974927675148752115e+00
7.969908466091037980e+00
7.969908466091037980e+00
7.972418070619898600e+00
7.972418070619898600e+00
7.969908466091037980e+00
7.967398861562184464e+00
7.964889257033330949e+00
7.964889257033330949e+00
7.967398861562184464e+00
7.969908466091037980e+00
7.967398861562184464e+00
7.964889257033330949e+00
7.954850838917909783e+00
7.952341234389049163e+00
7.962379652504477434e+00
7.964889257033330949e+00
7.959870047975616814e+00
7.959870047975616814e+00
7.952341234389049163e+00
7.952341234389049163e+00
7.952341234389049163e+00
7.962379652504477434e+00
7.959870047975616814e+00
7.952341234389049163e+00
7.947322025331342132e+00
7.949831629860195648e+00
7.949831629860195648e+00
7.957360443446763298e+00
7.952341234389049163e+00
7.949831629860195648e+00
7.947322025331342132e+00
7.939793211744774482e+00
7.944812420802481512e+00
7.947322025331342132e+00
7.947322025331342132e+00
7.947322025331342132e+00
7.944812420802481512e+00
7.937283607215913861e+00
7.939793211744774482e+00
7.937283607215913861e+00
7.944812420802481512e+00
7.942302816273627997e+00
7.937283607215913861e+00
7.927245189100492695e+00
7.929754793629346210e+00
7.934774002687060346e+00
7.944812420802481512e+00
7.939793211744774482e+00
7.932264398158206831e+00
7.924735584571639180e+00
7.929754793629346210e+00
7.922225980042778559e+00
7.937283607215913861e+00
7.934774002687060346e+00
7.924735584571639180e+00
7.922225980042778559e+00
7.922225980042778559e+00
7.924735584571639180e+00
7.919716375513925044e+00
7.929754793629346210e+00
7.924735584571639180e+00
7.924735584571639180e+00
7.912187561927357393e+00
7.922225980042778559e+00
7.917206770985071529e+00
7.924735584571639180e+00
7.914697166456210908e+00
7.919716375513925044e+00
7.909677957398503878e+00
7.912187561927357393e+00
7.912187561927357393e+00
7.919716375513925044e+00
7.917206770985071529e+00
7.909677957398503878e+00
7.904658748340789742e+00
7.899639539283082712e+00
7.912187561927357393e+00
7.912187561927357393e+00
7.912187561927357393e+00
7.907168352869643257e+00
7.897129934754222091e+00
7.897129934754222091e+00
7.907168352869643257e+00
7.909677957398503878e+00
7.904658748340789742e+00
7.899639539283082712e+00
7.899639539283082712e+00
7.894620330225368576e+00
7.897129934754222091e+00
7.904658748340789742e+00
7.899639539283082712e+00
7.897129934754222091e+00
7.892110725696515061e+00
7.889601121167654441e+00
7.892110725696515061e+00
7.889601121167654441e+00
7.897129934754222091e+00
7.889601121167654441e+00
7.889601121167654441e+00
7.882072307581086790e+00
7.889601121167654441e+00
7.889601121167654441e+00
7.889601121167654441e+00
7.889601121167654441e+00
7.884581912109947410e+00
7.874543493994519139e+00
7.877053098523379759e+00
7.879562703052233275e+00
7.884581912109947410e+00
7.887091516638800925e+00
7.877053098523379759e+00
7.869524284936812109e+00
7.869524284936812109e+00
7.877053098523379759e+00
7.874543493994519139e+00
7.882072307581086790e+00
7.877053098523379759e+00
7.872033889465665624e+00
7.864505075879097973e+00
7.869524284936812109e+00
7.869524284936812109e+00
7.877053098523379759e+00
7.869524284936812109e+00
7.869524284936812109e+00
7.864505075879097973e+00
7.856976262292530322e+00
7.867014680407951488e+00
7.872033889465665624e+00
7.869524284936812109e+00
7.859485866821383837e+00
7.851957053234816186e+00
7.859485866821383837e+00
7.859485866821383837e+00
7.867014680407951488e+00
7.864505075879097973e+00
7.856976262292530322e+00
7.854466657763676807e+00
7.849447448705962671e+00
7.851957053234816186e+00
7.851957053234816186e+00
7.856976262292530322e+00
7.856976262292530322e+00
7.854466657763676807e+00
7.844428239648248535e+00
7.851957053234816186e+00
7.846937844177109156e+00
7.849447448705962671e+00
7.849447448705962671e+00
7.844428239648248535e+00
7.834389821532827369e+00
7.846937844177109156e+00
7.844428239648248535e+00
7.844428239648248535e+00
7.854466657763676807e+00
7.844428239648248535e+00
7.831880217003973854e+00
7.836899426061687990e+00
7.831880217003973854e+00
7.844428239648248535e+00
7.846937844177109156e+00
7.836899426061687990e+00
7.826861007946259718e+00
7.831880217003973854e+00
7.834389821532827369e+00
7.831880217003973854e+00
7.841918635119395020e+00
7.836899426061687990e+00
7.829370612475120339e+00
7.821841798888552688e+00
7.826861007946259718e+00
7.829370612475120339e+00
7.836899426061687990e+00
7.824351403417406203e+00
7.824351403417406203e+00
7.819332194359692068e+00
7.826861007946259718e+00
7.824351403417406203e+00
7.829370612475120339e+00
7.824351403417406203e+00
7.824351403417406203e+00
7.814312985301985037e+00
7.809293776244270902e+00
7.819332194359692068e+00
7.826861007946259718e+00
7.821841798888552688e+00
7.814312985301985037e+00
7.801764962657703251e+00
7.809293776244270902e+00
7.819332194359692068e+00
7.811803380773124417e+00
7.811803380773124417e+00
7.809293776244270902e+00
7.814312985301985037e+00
7.801764962657703251e+00
7.809293776244270902e+00
7.809293776244270902e+00
7.816822589830838552e+00
7.804274567186556766e+00
7.799255358128849736e+00
7.794236149071135600e+00
7.809293776244270902e+00
7.806784171715417386e+00
7.801764962657703251e+00
7.791726544542282085e+00
7.801764962657703251e+00
7.796745753599989115e+00
7.794236149071135600e+00
7.796745753599989115e+00
7.806784171715417386e+00
7.799255358128849736e+00
7.796745753599989115e+00
7.796745753599989115e+00
7.779178521898000298e+00
7.791726544542282085e+00
7.794236149071135600e+00
7.806784171715417386e+00
7.789216940013421464e+00
7.784197730955714434e+00
7.786707335484567949e+00
7.791726544542282085e+00
7.786707335484567949e+00
7.786707335484567949e+00
7.789216940013421464e+00
7.786707335484567949e+00
7.766630499253725617e+00
7.781688126426853813e+00
7.789216940013421464e+00
7.784197730955714434e+00
7.779178521898000298e+00
7.779178521898000298e+00
7.776668917369146783e+00
7.779178521898000298e+00
7.779178521898000298e+00
7.784197730955714434e+00
7.779178521898000298e+00
7.771649708311432647e+00
7.761611290196011481e+00
7.764120894724864996e+00
7.776668917369146783e+00
7.779178521898000298e+00
7.771649708311432647e+00
7.766630499253725617e+00
7.761611290196011481e+00
7.766630499253725617e+00
7.766630499253725617e+00
7.766630499253725617e+00
7.764120894724864996e+00
7.766630499253725617e+00
7.766630499253725617e+00
7.754082476609443830e+00
7.756592081138297345e+00
7.754082476609443830e+00
7.769140103782579132e+00
7.766630499253725617e+00
7.756592081138297345e+00
7.749063267551729695e+00
7.751572872080590315e+00
7.756592081138297345e+00
7.766630499253725617e+00
7.751572872080590315e+00
7.751572872080590315e+00
7.744044058494022664e+00
7.746553663022876179e+00
7.751572872080590315e+00
7.756592081138297345e+00
7.751572872080590315e+00
7.744044058494022664e+00
7.741534453965162044e+00
7.739024849436308529e+00
7.744044058494022664e+00
7.749063267551729695e+00
7.749063267551729695e+00
7.739024849436308529e+00
7.734005640378594393e+00
7.734005640378594393e+00
7.739024849436308529e+00
7.741534453965162044e+00
7.739024849436308529e+00
7.739024849436308529e+00
7.734005640378594393e+00
7.731496035849740878e+00
7.734005640378594393e+00
7.736515244907455013e+00
7.739024849436308529e+00
7.731496035849740878e+00
7.734005640378594393e+00
7.723967222263173227e+00
7.721457617734319712e+00
7.723967222263173227e+00
7.734005640378594393e+00
7.731496035849740878e+00
7.728986431320887363e+00
7.716438408676605576e+00
7.716438408676605576e+00
7.723967222263173227e+00
7.728986431320887363e+00
7.728986431320887363e+00
7.718948013205459091e+00
7.716438408676605576e+00
7.711419199618898546e+00
7.718948013205459091e+00
7.716438408676605576e+00
7.728986431320887363e+00
7.713928804147752061e+00
7.713928804147752061e+00
7.706399990561184410e+00
7.716438408676605576e+00
7.708909595090037925e+00
7.716438408676605576e+00
7.711419199618898546e+00
7.706399990561184410e+00
7.706399990561184410e+00
7.698871176974616759e+00
7.711419199618898546e+00
7.711419199618898546e+00
7.711419199618898546e+00
7.701380781503470274e+00
7.698871176974616759e+00
7.693851967916902623e+00
7.706399990561184410e+00
7.706399990561184410e+00
7.706399990561184410e+00
7.698871176974616759e+00
7.696361572445763244e+00
7.696361572445763244e+00
7.698871176974616759e+00
7.698871176974616759e+00
7.698871176974616759e+00
7.696361572445763244e+00
7.688832758859195593e+00
7.686323154330334972e+00
7.686323154330334972e+00
7.693851967916902623e+00
7.698871176974616759e+00
7.691342363388049108e+00
7.688832758859195593e+00
7.678794340743767322e+00
7.683813549801481457e+00
7.686323154330334972e+00
7.691342363388049108e+00
7.691342363388049108e+00
7.678794340743767322e+00
7.681303945272627942e+00
7.676284736214913806e+00
7.681303945272627942e+00
7.678794340743767322e+00
7.683813549801481457e+00
7.678794340743767322e+00
7.683813549801481457e+00
7.671265527157199671e+00
7.678794340743767322e+00
7.676284736214913806e+00
7.681303945272627942e+00
7.671265527157199671e+00
7.671265527157199671e+00
7.666246318099492640e+00
7.663736713570632020e+00
7.673775131686060291e+00
7.676284736214913806e+00
7.671265527157199671e+00
7.663736713570632020e+00
7.663736713570632020e+00
7.658717504512924990e+00
7.666246318099492640e+00
7.668755922628346156e+00
7.671265527157199671e+00
7.661227109041778505e+00
7.653698295455210854e+00
7.656207899984064369e+00
7.658717504512924990e+00
7.661227109041778505e+00
7.658717504512924990e+00
7.658717504512924990e+00
7.653698295455210854e+00
7.653698295455210854e+00
7.648679086397503823e+00
7.658717504512924990e+00
7.656207899984064369e+00
7.651188690926357339e+00
7.646169481868643203e+00
7.643659877339789688e+00
7.648679086397503823e+00
7.646169481868643203e+00
7.651188690926357339e+00
7.653698295455210854e+00
7.648679086397503823e+00
7.638640668282075552e+00
7.643659877339789688e+00
7.643659877339789688e+00
7.651188690926357339e+00
7.646169481868643203e+00
7.643659877339789688e+00
7.631111854695507901e+00
7.636131063753222037e+00
7.633621459224368522e+00
7.638640668282075552e+00
7.641150272810936173e+00
7.636131063753222037e+00
7.638640668282075552e+00
7.628602250166654386e+00
7.636131063753222037e+00
7.636131063753222037e+00
7.638640668282075552e+00
7.631111854695507901e+00
7.628602250166654386e+00
7.621073436580086735e+00
7.631111854695507901e+00
7.628602250166654386e+00
7.633621459224368522e+00
7.631111854695507901e+00
7.626092645637800871e+00
7.621073436580086735e+00
7.616054227522372599e+00
7.621073436580086735e+00
7.628602250166654386e+00
7.628602250166654386e+00
7.621073436580086735e+00
7.611035018464665569e+00
7.616054227522372599e+00
7.616054227522372599e+00
7.623583041108940250e+00
7.618563832051233220e+00
7.618563832051233220e+00
7.608525413935804949e+00
7.608525413935804949e+00
7.608525413935804949e+00
7.613544622993519084e+00
7.613544622993519084e+00
7.611035018464665569e+00
7.611035018464665569e+00
7.606015809406951433e+00
7.606015809406951433e+00
7.606015809406951433e+00
7.611035018464665569e+00
7.613544622993519084e+00
7.598486995820383783e+00
7.598486995820383783e+00
7.598486995820383783e+00
7.598486995820383783e+00
7.606015809406951433e+00
7.606015809406951433e+00
7.603506204878097918e+00
7.588448577704962617e+00
7.590958182233816132e+00
7.595977391291530267e+00
7.603506204878097918e+00
7.603506204878097918e+00
7.595977391291530267e+00
7.593467786762669647e+00
7.583429368647248481e+00
7.593467786762669647e+00
7.595977391291530267e+00
7.598486995820383783e+00
7.583429368647248481e+00
7.590958182233816132e+00
7.585938973176101996e+00
7.588448577704962617e+00
7.583429368647248481e+00
7.590958182233816132e+00
7.588448577704962617e+00
7.583429368647248481e+00
7.580919764118394966e+00
7.578410159589541450e+00
7.583429368647248481e+00
7.588448577704962617e+00
7.593467786762669647e+00
7.573390950531827315e+00
7.583429368647248481e+00
7.568371741474113179e+00
7.575900555060680830e+00
7.583429368647248481e+00
7.588448577704962617e+00
7.568371741474113179e+00
7.573390950531827315e+00
7.570881346002973800e+00
7.570881346002973800e+00
7.565862136945259664e+00
7.580919764118394966e+00
7.570881346002973800e+00
7.563352532416406149e+00
7.568371741474113179e+00
7.568371741474113179e+00
7.565862136945259664e+00
7.568371741474113179e+00
7.570881346002973800e+00
7.563352532416406149e+00
7.555823718829838498e+00
7.555823718829838498e+00
7.565862136945259664e+00
7.568371741474113179e+00
7.565862136945259664e+00
7.548294905243270847e+00
7.555823718829838498e+00
7.558333323358692013e+00
7.555823718829838498e+00
7.555823718829838498e+00
7.565862136945259664e+00
7.558333323358692013e+00
7.545785300714410226e+00
7.538256487127842576e+00
7.555823718829838498e+00
7.560842927887545528e+00
7.558333323358692013e+00
7.543275696185556711e+00
7.548294905243270847e+00
7.548294905243270847e+00
7.548294905243270847e+00
7.548294905243270847e+00
7.550804509772124362e+00
7.543275696185556711e+00
7.538256487127842576e+00
7.535746882598989060e+00
7.538256487127842576e+00
7.538256487127842576e+00
7.550804509772124362e+00
7.528218069012421410e+00
7.543275696185556711e+00
7.530727673541274925e+00
7.523198859954707274e+00
7.545785300714410226e+00
7.538256487127842576e+00
7.540766091656703196e+00
7.530727673541274925e+00
7.525708464483567894e+00
7.523198859954707274e+00
7.535746882598989060e+00
7.535746882598989060e+00
7.528218069012421410e+00
7.538256487127842576e+00
7.520689255425853759e+00
7.515670046368146728e+00
7.525708464483567894e+00
7.535746882598989060e+00
7.528218069012421410e+00
7.520689255425853759e+00
7.518179650897000244e+00
7.520689255425853759e+00
7.523198859954707274e+00
7.518179650897000244e+00
7.520689255425853759e+00
7.513160441839286108e+00
7.518179650897000244e+00
7.515670046368146728e+00
7.513160441839286108e+00
7.510650837310432593e+00
7.523198859954707274e+00
7.525708464483567894e+00
7.513160441839286108e+00
7.500612419195011427e+00
7.505631628252718457e+00
7.513160441839286108e+00
7.515670046368146728e+00
7.508141232781579077e+00
7.508141232781579077e+00
7.508141232781579077e+00
7.498102814666150806e+00
7.505631628252718457e+00
7.513160441839286108e+00
7.513160441839286108e+00
7.498102814666150806e+00
7.505631628252718457e+00
7.493083605608443776e+00
7.500612419195011427e+00
7.498102814666150806e+00
7.505631628252718457e+00
7.495593210137297291e+00
7.498102814666150806e+00
7.483045187493015504e+00
7.503122023723864942e+00
7.488064396550729640e+00
7.500612419195011427e+00
7.493083605608443776e+00
7.495593210137297291e+00
7.478025978435308474e+00
7.495593210137297291e+00
7.485554792021876125e+00
7.498102814666150806e+00
7.488064396550729640e+00
7.488064396550729640e+00
7.475516373906447853e+00
7.485554792021876125e+00
7.480535582964161989e+00
7.495593210137297291e+00
7.483045187493015504e+00
7.485554792021876125e+00
7.473006769377594338e+00
7.480535582964161989e+00
7.475516373906447853e+00
7.488064396550729640e+00
7.478025978435308474e+00
7.480535582964161989e+00
7.473006769377594338e+00
7.473006769377594338e+00
7.470497164848740823e+00
7.470497164848740823e+00
7.483045187493015504e+00
7.473006769377594338e+00
7.460458746733312552e+00
7.467987560319880203e+00
7.475516373906447853e+00
7.467987560319880203e+00
7.470497164848740823e+00
7.465477955791026687e+00
7.467987560319880203e+00
7.465477955791026687e+00
7.452929933146752006e+00
7.467987560319880203e+00
7.470497164848740823e+00
7.460458746733312552e+00
7.465477955791026687e+00
7.450420328617891386e+00
7.457949142204459037e+00
7.450420328617891386e+00
7.473006769377594338e+00
7.467987560319880203e+00
7.452929933146752006e+00
7.442891515031323735e+00
7.445401119560184355e+00
7.462968351262173172e+00
7.442891515031323735e+00
7.462968351262173172e+00
7.445401119560184355e+00
7.457949142204459037e+00
7.437872305973616704e+00
7.447910724089037870e+00
7.452929933146752006e+00
7.445401119560184355e+00
7.450420328617891386e+00
7.435362701444756084e+00
7.437872305973616704e+00
7.445401119560184355e+00
7.432853096915902569e+00
7.445401119560184355e+00
7.442891515031323735e+00
7.442891515031323735e+00
7.435362701444756084e+00
7.437872305973616704e+00
7.427833887858188433e+00
7.447910724089037870e+00
7.440381910502470220e+00
7.432853096915902569e+00
7.435362701444756084e+00
7.420305074271620782e+00
7.427833887858188433e+00
7.442891515031323735e+00
7.440381910502470220e+00
7.430343492387049054e+00
7.425324283329334918e+00
7.422814678800481403e+00
7.427833887858188433e+00
7.435362701444756084e+00
7.432853096915902569e+00
7.430343492387049054e+00
7.427833887858188433e+00
7.420305074271620782e+00
7.422814678800481403e+00
7.422814678800481403e+00
7.425324283329334918e+00
7.417795469742767267e+00
7.415285865213913752e+00
7.410266656156199616e+00
7.412776260685053131e+00
7.415285865213913752e+00
7.422814678800481403e+00
7.415285865213913752e+00
7.415285865213913752e+00
7.415285865213913752e+00
7.412776260685053131e+00
7.415285865213913752e+00
7.420305074271620782e+00
7.417795469742767267e+00
7.412776260685053131e+00
7.400228238040778450e+00
7.400228238040778450e+00
7.407757051627346101e+00
7.415285865213913752e+00
7.415285865213913752e+00
7.410266656156199616e+00
7.397718633511917830e+00
7.395209028983064314e+00
7.397718633511917830e+00
7.395209028983064314e+00
7.400228238040778450e+00
7.395209028983064314e+00
7.387680215396496664e+00
7.387680215396496664e+00
7.390189819925357284e+00
7.390189819925357284e+00
7.392699424454210799e+00
7.387680215396496664e+00
7.390189819925357284e+00
7.385170610867643148e+00
7.390189819925357284e+00
7.392699424454210799e+00
7.392699424454210799e+00
7.390189819925357284e+00
7.387680215396496664e+00
7.385170610867643148e+00
7.385170610867643148e+00
7.387680215396496664e+00
7.395209028983064314e+00
7.397718633511917830e+00
7.382661006338789633e+00
7.372622588223361362e+00
7.370112983694507847e+00
7.377641797281075497e+00
7.382661006338789633e+00
7.382661006338789633e+00
7.375132192752221982e+00
